o : [0.289, 0.231, 0.046, 0.011, 0.001, 0.028, 0.155, 0.036]      ->   24599
e : [0.003, 0.033, 0.283, 0.053, 0.008, 0.197, 0.212, 0.002]      ->   19884
h : [0.0, 0.457, 0.117, 0.023, 0.016, 0.064, 0.096, 0.002]      ->   17428
y : [0.086, 0.002, 0.002, 0.0, 0.0, 0.001, 0.001, 0.74]      ->   17279
a : [0.129, 0.224, 0.109, 0.046, 0.026, 0.048, 0.21, 0.002]      ->   14172
c : [0.454, 0.112, 0.118, 0.058, 0.005, 0.028, 0.0, 0.0]      ->   12909
d : [0.242, 0.023, 0.023, 0.018, 0.002, 0.03, 0.443, 0.026]      ->   12644
i : [0.0, 0.074, 0.124, 0.002, 0.001, 0.169, 0.476, 0.0]      ->   11529
k : [0.093, 0.292, 0.306, 0.032, 0.006, 0.045, 0.044, 0.005]      ->   10743
l : [0.116, 0.099, 0.029, 0.007, 0.0, 0.016, 0.029, 0.483]      ->   10298
r : [0.059, 0.034, 0.014, 0.003, 0.0, 0.009, 0.015, 0.647]      ->   7234
s : [0.546, 0.062, 0.023, 0.01, 0.001, 0.006, 0.003, 0.091]      ->   7064
t : [0.112, 0.422, 0.151, 0.019, 0.003, 0.044, 0.034, 0.007]      ->   6699
n : [0.001, 0.0, 0.0, 0.0, 0.0, 0.001, 0.001, 0.879]      ->   5968
q : [0.894, 0.0, 0.0, 0.0, 0.0, 0.0, 0.0, 0.0]      ->   5398
p : [0.199, 0.237, 0.087, 0.021, 0.003, 0.013, 0.011, 0.012]      ->   1600
m : [0.011, 0.002, 0.0, 0.0, 0.0, 0.0, 0.0, 0.69]      ->   1037
f : [0.108, 0.13, 0.059, 0.017, 0.0, 0.013, 0.004, 0.008]      ->   471
? : [0.062, 0.025, 0.0, 0.0, 0.0, 0.0, 0.0, 0.054]      ->   241
g : [0.081, 0.0, 0.0, 0.0, 0.0, 0.0, 0.0, 0.208]      ->   149
' : [0.0, 0.057, 0.046, 0.0, 0.0, 0.0, 0.023, 0.023]      ->   87
x : [0.312, 0.0, 0.0, 0.0, 0.0, 0.0, 0.0, 0.0]      ->   32
b : [0.0, 0.0, 0.0, 0.0, 0.0, 0.0, 0.0, 0.231]      ->   13
v : [0.636, 0.0, 0.0, 0.0, 0.0, 0.0, 0.0, 0.0]      ->   11
 : [0.0, 0.0, 0.0, 0.0, 0.0, 0.0, 0.0, 0.0]      ->   10
j : [0.0, 0.0, 0.0, 0.0, 0.0, 0.0, 0.0, 0.0]      ->   10
 : [0.0, 0.2, 0.0, 0.0, 0.0, 0.0, 0.0, 0.0]      ->   10
u : [0.0, 0.0, 0.0, 0.0, 0.0, 0.0, 0.0, 0.25]      ->   8
¯ : [0.0, 0.0, 0.0, 0.0, 0.0, 0.0, 0.0, 0.0]      ->   7
z : [0.0, 0.0, 0.0, 0.0, 0.0, 0.0, 0.0, 0.0]      ->   6
¬ : [1.0, 0.0, 0.0, 0.0, 0.0, 0.0, 0.0, 0.0]      ->   6
Ä : [0.0, 0.0, 0.0, 0.0, 0.0, 0.0, 0.0, 0.0]      ->   5
ª : [1.0, 0.0, 0.0, 0.0, 0.0, 0.0, 0.0, 0.0]      ->   5
« : [1.0, 0.0, 0.0, 0.0, 0.0, 0.0, 0.0, 0.0]      ->   5
© : [1.0, 0.0, 0.0, 0.0, 0.0, 0.0, 0.0, 0.0]      ->   4
 : [0.0, 0.0, 0.0, 0.0, 0.0, 0.0, 0.0, 0.0]      ->   4
Î : [0.0, 0.0, 0.0, 0.0, 0.0, 0.0, 0.0, 0.0]      ->   4
 : [0.75, 0.0, 0.0, 0.0, 0.0, 0.0, 0.0, 0.0]      ->   4
  : [0.0, 0.0, 0.0, 0.0, 0.0, 0.0, 0.0, 0.0]      ->   4
 : [1.0, 0.0, 0.0, 0.0, 0.0, 0.0, 0.0, 0.0]      ->   3
À : [0.667, 0.0, 0.0, 0.0, 0.0, 0.0, 0.0, 0.0]      ->   3
 : [0.0, 0.0, 0.0, 0.0, 0.0, 0.0, 0.0, 0.0]      ->   3
° : [0.0, 0.0, 0.0, 0.0, 0.0, 0.0, 0.0, 0.0]      ->   3
¢ : [0.0, 0.0, 0.0, 0.0, 0.0, 0.0, 0.0, 0.0]      ->   3
§ : [0.0, 0.0, 0.0, 0.0, 0.0, 0.0, 0.0, 0.0]      ->   3
² : [0.0, 0.0, 0.0, 0.0, 0.0, 0.0, 0.0, 0.0]      ->   2
 : [0.0, 0.0, 0.0, 0.0, 0.0, 0.0, 0.0, 0.0]      ->   2
Ð : [0.0, 0.0, 0.0, 0.0, 0.0, 0.0, 0.0, 0.0]      ->   2
 : [0.0, 0.0, 0.0, 0.0, 0.0, 0.0, 0.0, 0.0]      ->   2
 : [0.0, 0.0, 0.0, 0.0, 0.0, 0.0, 0.0, 0.0]      ->   2
¨ : [0.0, 0.0, 0.0, 0.0, 0.0, 0.0, 0.0, 0.0]      ->   2
 : [0.0, 0.0, 0.0, 0.0, 0.0, 0.0, 0.0, 0.0]      ->   2
 : [0.0, 0.0, 0.0, 0.0, 0.0, 0.0, 0.0, 0.0]      ->   2
¦ : [0.0, 0.0, 0.0, 0.0, 0.0, 0.0, 0.0, 0.0]      ->   2
¼ : [0.0, 0.0, 0.0, 0.0, 0.0, 0.0, 0.0, 0.0]      ->   1
¥ : [0.0, 0.0, 0.0, 0.0, 0.0, 0.0, 0.0, 0.0]      ->   1
È : [0.0, 0.0, 0.0, 0.0, 0.0, 0.0, 0.0, 0.0]      ->   1
Ë : [0.0, 0.0, 0.0, 0.0, 0.0, 0.0, 0.0, 0.0]      ->   1
¡ : [0.0, 0.0, 0.0, 0.0, 0.0, 0.0, 0.0, 0.0]      ->   1
Á : [0.0, 0.0, 0.0, 0.0, 0.0, 0.0, 0.0, 0.0]      ->   1
£ : [0.0, 0.0, 0.0, 0.0, 0.0, 0.0, 0.0, 0.0]      ->   1
 : [0.0, 0.0, 0.0, 0.0, 0.0, 0.0, 0.0, 0.0]      ->   1
Ì : [0.0, 0.0, 0.0, 0.0, 0.0, 0.0, 0.0, 0.0]      ->   1
Ç : [0.0, 0.0, 0.0, 0.0, 0.0, 0.0, 0.0, 0.0]      ->   1
 : [0.0, 0.0, 0.0, 0.0, 0.0, 0.0, 0.0, 0.0]      ->   1
» : [0.0, 0.0, 0.0, 0.0, 0.0, 0.0, 0.0, 0.0]      ->   1
Ï : [0.0, 0.0, 0.0, 0.0, 0.0, 0.0, 0.0, 0.0]      ->   1
 : [0.0, 0.0, 0.0, 0.0, 0.0, 0.0, 0.0, 0.0]      ->   1
 : [0.0, 0.0, 0.0, 0.0, 0.0, 0.0, 0.0, 0.0]      ->   1
É : [0.0, 0.0, 0.0, 0.0, 0.0, 0.0, 0.0, 0.0]      ->   1
Ã : [0.0, 0.0, 0.0, 0.0, 0.0, 0.0, 0.0, 0.0]      ->   1
º : [0.0, 0.0, 0.0, 0.0, 0.0, 0.0, 0.0, 0.0]      ->   1
± : [0.0, 0.0, 0.0, 0.0, 0.0, 0.0, 0.0, 0.0]      ->   1
I : [0.0, 0.0, 0.0, 0.0, 0.0, 0.0, 0.0, 0.0]      ->   1
 : [0.0, 0.0, 0.0, 0.0, 0.0, 0.0, 0.0, 0.0]      ->   1
Ó : [0.0, 0.0, 0.0, 0.0, 0.0, 0.0, 0.0, 0.0]      ->   1
 : [0.0, 0.0, 0.0, 0.0, 0.0, 0.0, 0.0, 0.0]      ->   1
® : [0.0, 0.0, 0.0, 0.0, 0.0, 0.0, 0.0, 0.0]      ->   1
µ : [0.0, 0.0, 0.0, 0.0, 0.0, 0.0, 0.0, 0.0]      ->   1
¤ : [0.0, 0.0, 0.0, 0.0, 0.0, 0.0, 0.0, 0.0]      ->   1
 : [0.0, 0.0, 0.0, 0.0, 0.0, 0.0, 0.0, 0.0]      ->   1
Â : [0.0, 0.0, 0.0, 0.0, 0.0, 0.0, 0.0, 0.0]      ->   1
Ô : [0.0, 0.0, 0.0, 0.0, 0.0, 0.0, 0.0, 0.0]      ->   1
Ø : [0.0, 0.0, 0.0, 0.0, 0.0, 0.0, 0.0, 0.0]      ->   1
· : [0.0, 0.0, 0.0, 0.0, 0.0, 0.0, 0.0, 0.0]      ->   1
´ : [0.0, 0.0, 0.0, 0.0, 0.0, 0.0, 0.0, 0.0]      ->   1
³ : [0.0, 0.0, 0.0, 0.0, 0.0, 0.0, 0.0, 0.0]      ->   1
¹ : [0.0, 0.0, 0.0, 0.0, 0.0, 0.0, 0.0, 0.0]      ->   1
 : [0.0, 0.0, 0.0, 0.0, 0.0, 0.0, 0.0, 0.0]      ->   1
¾ : [0.0, 0.0, 0.0, 0.0, 0.0, 0.0, 0.0, 0.0]      ->   1
 : [0.0, 0.0, 0.0, 0.0, 0.0, 0.0, 0.0, 0.0]      ->   1
½ : [0.0, 0.0, 0.0, 0.0, 0.0, 0.0, 0.0, 0.0]      ->   1
 : [0.0, 0.0, 0.0, 0.0, 0.0, 0.0, 0.0, 0.0]      ->   1
¿ : [0.0, 0.0, 0.0, 0.0, 0.0, 0.0, 0.0, 0.0]      ->   1
­ : [0.0, 0.0, 0.0, 0.0, 0.0, 0.0, 0.0, 0.0]      ->   1
 : [0.0, 0.0, 0.0, 0.0, 0.0, 0.0, 0.0, 0.0]      ->   1
 : [0.0, 0.0, 0.0, 0.0, 0.0, 0.0, 0.0, 0.0]      ->   1
 : [0.0, 0.0, 0.0, 0.0, 0.0, 0.0, 0.0, 0.0]      ->   1
 : [0.0, 0.0, 0.0, 0.0, 0.0, 0.0, 0.0, 0.0]      ->   1
¸ : [0.0, 0.0, 0.0, 0.0, 0.0, 0.0, 0.0, 0.0]      ->   1
 : [0.0, 0.0, 0.0, 0.0, 0.0, 0.0, 0.0, 0.0]      ->   1
Å : [0.0, 0.0, 0.0, 0.0, 0.0, 0.0, 0.0, 0.0]      ->   1
¶ : [0.0, 0.0, 0.0, 0.0, 0.0, 0.0, 0.0, 0.0]      ->   1
 : [0.0, 0.0, 0.0, 0.0, 0.0, 0.0, 0.0, 0.0]      ->   1
 : [0.0, 0.0, 0.0, 0.0, 0.0, 0.0, 0.0, 0.0]      ->   1
Ò : [0.0, 0.0, 0.0, 0.0, 0.0, 0.0, 0.0, 0.0]      ->   1
