o : [0.339, 0.271, 0.071, 0.028, 0.007, 0.044, 0.189, 0.045]      ->   24599
e : [0.007, 0.048, 0.333, 0.085, 0.019, 0.243, 0.251, 0.004]      ->   19884
h : [0.0, 0.52, 0.161, 0.044, 0.032, 0.101, 0.129, 0.005]      ->   17428
y : [0.109, 0.007, 0.006, 0.003, 0.002, 0.003, 0.005, 0.863]      ->   17279
a : [0.145, 0.251, 0.137, 0.062, 0.047, 0.077, 0.271, 0.005]      ->   14172
c : [0.526, 0.151, 0.159, 0.085, 0.021, 0.044, 0.002, 0.0]      ->   12909
d : [0.277, 0.03, 0.034, 0.029, 0.012, 0.055, 0.502, 0.045]      ->   12644
i : [0.002, 0.082, 0.14, 0.012, 0.007, 0.21, 0.545, 0.001]      ->   11529
k : [0.115, 0.342, 0.339, 0.052, 0.019, 0.062, 0.054, 0.007]      ->   10743
l : [0.139, 0.126, 0.059, 0.026, 0.007, 0.034, 0.053, 0.545]      ->   10298
r : [0.071, 0.051, 0.036, 0.017, 0.006, 0.028, 0.034, 0.751]      ->   7234
s : [0.629, 0.094, 0.046, 0.024, 0.011, 0.027, 0.016, 0.145]      ->   7064
t : [0.149, 0.499, 0.186, 0.036, 0.011, 0.06, 0.043, 0.009]      ->   6699
n : [0.001, 0.0, 0.001, 0.001, 0.001, 0.006, 0.005, 0.985]      ->   5968
q : [0.994, 0.003, 0.0, 0.001, 0.0, 0.0, 0.0, 0.0]      ->   5398
p : [0.338, 0.362, 0.138, 0.054, 0.016, 0.03, 0.023, 0.019]      ->   1600
m : [0.012, 0.011, 0.005, 0.001, 0.003, 0.006, 0.014, 0.949]      ->   1037
f : [0.253, 0.308, 0.146, 0.079, 0.028, 0.076, 0.049, 0.042]      ->   471
? : [0.195, 0.137, 0.12, 0.033, 0.017, 0.062, 0.154, 0.232]      ->   241
g : [0.101, 0.034, 0.0, 0.0, 0.0, 0.013, 0.013, 0.832]      ->   149
' : [0.0, 0.276, 0.253, 0.092, 0.069, 0.08, 0.149, 0.08]      ->   87
x : [0.5, 0.094, 0.062, 0.0, 0.0, 0.062, 0.062, 0.219]      ->   32
b : [0.0, 0.0, 0.0, 0.0, 0.0, 0.0, 0.0, 1.0]      ->   13
v : [1.0, 0.0, 0.0, 0.0, 0.0, 0.0, 0.0, 0.0]      ->   11
 : [0.0, 1.0, 0.0, 0.0, 0.0, 0.0, 0.0, 0.0]      ->   10
j : [0.1, 0.1, 0.0, 0.0, 0.0, 0.1, 0.4, 0.3]      ->   10
 : [0.0, 0.1, 0.1, 0.1, 0.1, 0.4, 0.0, 0.0]      ->   10
u : [0.0, 0.0, 0.0, 0.0, 0.0, 0.0, 0.0, 1.0]      ->   8
¯ : [0.0, 0.0, 0.0, 0.0, 0.0, 0.0, 0.0, 1.0]      ->   7
¬ : [1.0, 0.0, 0.0, 0.0, 0.0, 0.0, 0.0, 0.0]      ->   6
z : [0.333, 0.0, 0.167, 0.0, 0.0, 0.167, 0.333, 0.0]      ->   6
Ä : [0.0, 0.4, 0.0, 0.0, 0.0, 0.4, 0.2, 0.0]      ->   5
« : [1.0, 0.0, 0.0, 0.0, 0.0, 0.0, 0.0, 0.0]      ->   5
ª : [1.0, 0.0, 0.0, 0.0, 0.0, 0.0, 0.0, 0.0]      ->   5
 : [0.75, 0.0, 0.0, 0.25, 0.0, 0.0, 0.0, 0.0]      ->   4
 : [0.75, 0.0, 0.0, 0.0, 0.0, 0.0, 0.0, 0.25]      ->   4
Î : [1.0, 0.0, 0.0, 0.0, 0.0, 0.0, 0.0, 0.0]      ->   4
© : [1.0, 0.0, 0.0, 0.0, 0.0, 0.0, 0.0, 0.0]      ->   4
  : [0.0, 0.0, 0.0, 0.0, 0.0, 0.0, 0.0, 1.0]      ->   4
 : [0.667, 0.0, 0.0, 0.0, 0.0, 0.0, 0.0, 0.333]      ->   3
° : [0.667, 0.333, 0.0, 0.0, 0.0, 0.0, 0.0, 0.0]      ->   3
§ : [0.333, 0.667, 0.0, 0.0, 0.0, 0.0, 0.0, 0.0]      ->   3
À : [0.667, 0.0, 0.0, 0.333, 0.0, 0.0, 0.0, 0.0]      ->   3
 : [1.0, 0.0, 0.0, 0.0, 0.0, 0.0, 0.0, 0.0]      ->   3
¢ : [0.0, 0.667, 0.0, 0.0, 0.0, 0.0, 0.333, 0.0]      ->   3
 : [0.5, 0.5, 0.0, 0.0, 0.0, 0.0, 0.0, 0.0]      ->   2
 : [1.0, 0.0, 0.0, 0.0, 0.0, 0.0, 0.0, 0.0]      ->   2
Ð : [0.0, 0.0, 0.0, 0.0, 0.0, 0.0, 0.0, 1.0]      ->   2
 : [0.0, 0.5, 0.0, 0.0, 0.0, 0.5, 0.0, 0.0]      ->   2
 : [0.0, 1.0, 0.0, 0.0, 0.0, 0.0, 0.0, 0.0]      ->   2
¦ : [0.0, 0.0, 0.0, 0.0, 0.0, 0.5, 0.5, 0.0]      ->   2
 : [0.0, 0.0, 0.5, 0.0, 0.0, 0.0, 0.0, 0.5]      ->   2
¨ : [0.5, 0.0, 0.0, 0.0, 0.0, 0.0, 0.5, 0.0]      ->   2
² : [0.0, 0.5, 0.0, 0.0, 0.0, 0.0, 0.5, 0.0]      ->   2
 : [1.0, 0.0, 0.0, 0.0, 0.0, 0.0, 0.0, 0.0]      ->   1
Å : [0.0, 0.0, 0.0, 0.0, 0.0, 0.0, 0.0, 0.0]      ->   1
¶ : [0.0, 0.0, 0.0, 0.0, 1.0, 0.0, 0.0, 0.0]      ->   1
¼ : [0.0, 1.0, 0.0, 0.0, 0.0, 0.0, 0.0, 0.0]      ->   1
 : [0.0, 1.0, 0.0, 0.0, 0.0, 0.0, 0.0, 0.0]      ->   1
¡ : [1.0, 0.0, 0.0, 0.0, 0.0, 0.0, 0.0, 0.0]      ->   1
­ : [1.0, 0.0, 0.0, 0.0, 0.0, 0.0, 0.0, 0.0]      ->   1
Á : [0.0, 0.0, 0.0, 0.0, 0.0, 0.0, 0.0, 1.0]      ->   1
¹ : [0.0, 1.0, 0.0, 0.0, 0.0, 0.0, 0.0, 0.0]      ->   1
 : [0.0, 1.0, 0.0, 0.0, 0.0, 0.0, 0.0, 0.0]      ->   1
Ë : [0.0, 0.0, 1.0, 0.0, 0.0, 0.0, 0.0, 0.0]      ->   1
® : [1.0, 0.0, 0.0, 0.0, 0.0, 0.0, 0.0, 0.0]      ->   1
Ô : [0.0, 0.0, 0.0, 1.0, 0.0, 0.0, 0.0, 0.0]      ->   1
 : [1.0, 0.0, 0.0, 0.0, 0.0, 0.0, 0.0, 0.0]      ->   1
» : [1.0, 0.0, 0.0, 0.0, 0.0, 0.0, 0.0, 0.0]      ->   1
 : [1.0, 0.0, 0.0, 0.0, 0.0, 0.0, 0.0, 0.0]      ->   1
Ò : [0.0, 0.0, 0.0, 0.0, 0.0, 0.0, 0.0, 1.0]      ->   1
 : [1.0, 0.0, 0.0, 0.0, 0.0, 0.0, 0.0, 0.0]      ->   1
£ : [1.0, 0.0, 0.0, 0.0, 0.0, 0.0, 0.0, 0.0]      ->   1
 : [0.0, 0.0, 0.0, 0.0, 0.0, 0.0, 0.0, 1.0]      ->   1
Ì : [0.0, 1.0, 0.0, 0.0, 0.0, 0.0, 0.0, 0.0]      ->   1
 : [1.0, 0.0, 0.0, 0.0, 0.0, 0.0, 0.0, 0.0]      ->   1
¾ : [1.0, 0.0, 0.0, 0.0, 0.0, 0.0, 0.0, 0.0]      ->   1
´ : [1.0, 0.0, 0.0, 0.0, 0.0, 0.0, 0.0, 0.0]      ->   1
 : [1.0, 0.0, 0.0, 0.0, 0.0, 0.0, 0.0, 0.0]      ->   1
 : [1.0, 0.0, 0.0, 0.0, 0.0, 0.0, 0.0, 0.0]      ->   1
· : [0.0, 1.0, 0.0, 0.0, 0.0, 0.0, 0.0, 0.0]      ->   1
Ï : [0.0, 1.0, 0.0, 0.0, 0.0, 0.0, 0.0, 0.0]      ->   1
 : [1.0, 0.0, 0.0, 0.0, 0.0, 0.0, 0.0, 0.0]      ->   1
³ : [0.0, 0.0, 0.0, 0.0, 0.0, 1.0, 0.0, 0.0]      ->   1
¤ : [1.0, 0.0, 0.0, 0.0, 0.0, 0.0, 0.0, 0.0]      ->   1
Â : [0.0, 0.0, 0.0, 0.0, 0.0, 1.0, 0.0, 0.0]      ->   1
¥ : [0.0, 0.0, 0.0, 0.0, 0.0, 0.0, 0.0, 1.0]      ->   1
½ : [1.0, 0.0, 0.0, 0.0, 0.0, 0.0, 0.0, 0.0]      ->   1
È : [1.0, 0.0, 0.0, 0.0, 0.0, 0.0, 0.0, 0.0]      ->   1
Ó : [1.0, 0.0, 0.0, 0.0, 0.0, 0.0, 0.0, 0.0]      ->   1
É : [1.0, 0.0, 0.0, 0.0, 0.0, 0.0, 0.0, 0.0]      ->   1
 : [0.0, 1.0, 0.0, 0.0, 0.0, 0.0, 0.0, 0.0]      ->   1
¿ : [0.0, 0.0, 1.0, 0.0, 0.0, 0.0, 0.0, 0.0]      ->   1
 : [0.0, 0.0, 0.0, 0.0, 0.0, 1.0, 0.0, 0.0]      ->   1
± : [1.0, 0.0, 0.0, 0.0, 0.0, 0.0, 0.0, 0.0]      ->   1
 : [0.0, 1.0, 0.0, 0.0, 0.0, 0.0, 0.0, 0.0]      ->   1
º : [0.0, 0.0, 0.0, 0.0, 1.0, 0.0, 0.0, 0.0]      ->   1
 : [0.0, 0.0, 0.0, 0.0, 1.0, 0.0, 0.0, 0.0]      ->   1
µ : [0.0, 1.0, 0.0, 0.0, 0.0, 0.0, 0.0, 0.0]      ->   1
Ø : [0.0, 1.0, 0.0, 0.0, 0.0, 0.0, 0.0, 0.0]      ->   1
Ç : [1.0, 0.0, 0.0, 0.0, 0.0, 0.0, 0.0, 0.0]      ->   1
¸ : [1.0, 0.0, 0.0, 0.0, 0.0, 0.0, 0.0, 0.0]      ->   1
I : [1.0, 0.0, 0.0, 0.0, 0.0, 0.0, 0.0, 0.0]      ->   1
Ã : [1.0, 0.0, 0.0, 0.0, 0.0, 0.0, 0.0, 0.0]      ->   1
 : [0.0, 0.0, 0.0, 0.0, 0.0, 0.0, 0.0, 1.0]      ->   1
 : [0.0, 0.0, 0.0, 0.0, 0.0, 0.0, 0.0, 1.0]      ->   1
